   4.0000000000000001E-002   0.0000000000000000     
   8.0000000000000002E-002   0.0000000000000000     
  0.12000000000000000        0.0000000000000000     
  0.16000000000000000        0.0000000000000000     
  0.20000000000000001        0.0000000000000000     
  0.23999999999999999        0.0000000000000000     
  0.28000000000000003        0.0000000000000000     
  0.32000000000000001        0.0000000000000000     
  0.35999999999999999        0.0000000000000000     
  0.40000000000000002        0.0000000000000000     
  0.44000000000000000        0.0000000000000000     
  0.47999999999999998        0.0000000000000000     
  0.52000000000000002        0.0000000000000000     
  0.56000000000000005        0.0000000000000000     
  0.59999999999999998        0.0000000000000000     
  0.64000000000000001        0.0000000000000000     
  0.68000000000000005        0.0000000000000000     
  0.71999999999999997        0.0000000000000000     
  0.76000000000000001        0.0000000000000000     
  0.80000000000000004        0.0000000000000000     
  0.83999999999999997        0.0000000000000000     
  0.88000000000000000        0.0000000000000000     
  0.92000000000000004        6.2865691204064812E-005
  0.95999999999999996        1.1180228773784594E-002
   1.0000000000000000       0.13260852600353984     
   1.0400000000000000       0.42910661146078372     
   1.0800000000000001       0.70162643561474303     
   1.1200000000000001       0.79710759574445766     
   1.1599999999999999       0.73917918255593840     
   1.2000000000000000       0.64156949130581764     
   1.2400000000000000       0.52365465227194696     
   1.2800000000000000       0.43351954701049344     
   1.3200000000000001       0.36907481209610615     
   1.3600000000000001       0.31404627924837009     
   1.3999999999999999       0.27193171768256458     
   1.4399999999999999       0.24808981514296355     
   1.4800000000000000       0.22689439028407327     
   1.5200000000000000       0.21278254359120594     
   1.5600000000000001       0.20298969791502727     
   1.6000000000000001       0.20026802673486660     
   1.6399999999999999       0.19482819930650491     
   1.6799999999999999       0.19954282144108901     
   1.7200000000000000       0.20393805401342510     
   1.7600000000000000       0.21633526145854340     
   1.8000000000000000       0.22234547393718751     
   1.8400000000000001       0.24447495628958871     
   1.8799999999999999       0.25422596730323654     
   1.9199999999999999       0.27008615698872274     
   1.9600000000000000       0.28576177638391187     
   2.0000000000000000       0.29928756359801806     
   2.0400000000000000       0.30894495571747993     
   2.0800000000000001       0.31654178342973305     
   2.1200000000000001       0.31814442400336207     
   2.1600000000000001       0.31786141708521187     
   2.2000000000000002       0.31164083660759834     
   2.2400000000000002       0.29988166031046870     
   2.2799999999999998       0.29401708749040051     
   2.3199999999999998       0.27983613199124602     
   2.3599999999999999       0.26500303174065087     
   2.3999999999999999       0.25466893874366331     
   2.4399999999999999       0.24397192354639219     
   2.4800000000000000       0.23647284602099580     
   2.5200000000000000       0.22908049198646546     
   2.5600000000000001       0.22518251536489889     
   2.6000000000000001       0.22246246535418784     
   2.6400000000000001       0.22150128702922009     
   2.6800000000000002       0.22050407730500327     
   2.7200000000000002       0.22108906974641288     
   2.7599999999999998       0.23016136151129529     
   2.7999999999999998       0.23160557923298625     
   2.8399999999999999       0.23411823824116940     
   2.8799999999999999       0.23524883940466043     
   2.9199999999999999       0.24049771094339778     
   2.9600000000000000       0.24138095353828362     
   3.0000000000000000       0.24413767154237817     
   3.0400000000000000       0.24160546046164572     
   3.0800000000000001       0.24129696325298561     
   3.1200000000000001       0.24039917769031358     
   3.1600000000000001       0.23669987244244864     
   3.2000000000000002       0.23654923314164300     
   3.2400000000000002       0.23087581765786788     
   3.2799999999999998       0.22701807474853763     
   3.3199999999999998       0.22535483937775347     
   3.3599999999999999       0.22173346012817621     
   3.3999999999999999       0.21661897783271766     
   3.4399999999999999       0.21325794187935565     
   3.4800000000000000       0.21102728729441833     
   3.5200000000000000       0.20774058389266833     
   3.5600000000000001       0.20627086226231561     
   3.6000000000000001       0.20472716840980243     
   3.6400000000000001       0.20267240533891906     
   3.6800000000000002       0.20262746845991150     
   3.7200000000000002       0.20305047376033963     
   3.7599999999999998       0.20350743154741863     
   3.7999999999999998       0.20425254783109978     
   3.8399999999999999       0.20372488274762632     
   3.8799999999999999       0.20250856901992154     
   3.9199999999999999       0.20338843897623332     
   3.9600000000000000       0.20302634692560212     
   4.0000000000000000       0.20166989260621390     
   4.0400000000000000       0.19781207480444774     
   4.0800000000000001       0.19013012632056403     
   4.1200000000000001       0.18233315839961137     
   4.1600000000000001       0.17333267854638537     
   4.2000000000000002       0.16679864992362478     
   4.2400000000000002       0.15907299276034118     
   4.2800000000000002       0.15251599493030649     
   4.3200000000000003       0.14671417816419480     
   4.3600000000000003       0.13876860925441134     
   4.4000000000000004       0.13240157712730780     
   4.4400000000000004       0.12603791422100294     
   4.4800000000000004       0.11967795251635441     
   4.5199999999999996       0.11505233451021728     
   4.5599999999999996       0.10932509945467678     
   4.5999999999999996       0.10413885001659043     
   4.6399999999999997       0.10016252771715455     
   4.6799999999999997        9.4632265203419497E-002
   4.7199999999999998        9.0681331843350588E-002
   4.7599999999999998        8.6081280486565756E-002
   4.7999999999999998        8.2910227767561101E-002
   4.8399999999999999        7.8617683681881656E-002
   4.8799999999999999        7.4351143826985849E-002
   4.9199999999999999        7.0575592414082192E-002
   4.9600000000000000        6.6824428562754237E-002
   5.0000000000000000        6.3664728050538577E-002
   5.0400000000000000        5.9968325370768488E-002
   5.0800000000000001        5.5749825835495995E-002
   5.1200000000000001        5.3096911410735206E-002
   5.1600000000000001        4.9806250920893219E-002
   5.2000000000000002        4.5904431252590659E-002
   5.2400000000000002        4.3315846743276404E-002
   5.2800000000000002        3.9951804173632130E-002
   5.3200000000000003        3.7365716581050167E-002
   5.3600000000000003        3.4546931895834278E-002
   5.4000000000000004        3.1867359183169075E-002
   5.4400000000000004        2.9332180101713821E-002
   5.4800000000000004        2.6592550647800077E-002
   5.5199999999999996        2.3937644525862008E-002
   5.5599999999999996        2.1353045861551845E-002
   5.5999999999999996        1.9482656062899392E-002
   5.6399999999999997        1.7132655054399704E-002
   5.6799999999999997        1.5036087228475084E-002
   5.7199999999999998        1.3269228278672057E-002
   5.7599999999999998        1.1386136054850254E-002
   5.7999999999999998        1.0078129714269550E-002
   5.8399999999999999        9.1672423544414492E-003
   5.8799999999999999        8.1615527376516540E-003
   5.9199999999999999        7.2246297572914316E-003
   5.9600000000000000        6.3279962206941693E-003
   6.0000000000000000        5.5756817353370455E-003
   6.0400000000000000        5.0451033234377588E-003
   6.0800000000000001        4.3934788951983036E-003
   6.1200000000000001        3.8022547572771769E-003
   6.1600000000000001        3.2192593137292070E-003
   6.2000000000000002        2.9456927529317254E-003
   6.2400000000000002        2.5327539325703760E-003
   6.2800000000000002        2.0859077102638114E-003
   6.3200000000000003        1.7926026950072723E-003
   6.3600000000000003        1.5090443438417172E-003
   6.4000000000000004        1.3900853797408391E-003
   6.4400000000000004        1.1145646719757098E-003
   6.4800000000000004        8.7869118504302400E-004
   6.5199999999999996        7.4013421972672665E-004
   6.5599999999999996        5.7869484744244905E-004
   6.5999999999999996        4.5052183677987288E-004
   6.6399999999999997        3.5561029306356600E-004
   6.6799999999999997        2.5605030410368539E-004
   6.7199999999999998        1.6564264516734665E-004
   6.7599999999999998        1.1099012067763007E-004
   6.7999999999999998        7.6446681913299719E-005
   6.8399999999999999        3.9418736831398394E-005
   6.8799999999999999        1.2986794873666259E-005
   6.9199999999999999        6.4183300992936249E-006
   6.9600000000000000        0.0000000000000000     
   7.0000000000000000        0.0000000000000000     
   7.0400000000000000        0.0000000000000000     
   7.0800000000000001        0.0000000000000000     
   7.1200000000000001        0.0000000000000000     
   7.1600000000000001        0.0000000000000000     
   7.2000000000000002        0.0000000000000000     
   7.2400000000000002        0.0000000000000000     
   7.2800000000000002        0.0000000000000000     
   7.3200000000000003        0.0000000000000000     
   7.3600000000000003        0.0000000000000000     
   7.4000000000000004        0.0000000000000000     
   7.4400000000000004        0.0000000000000000     
   7.4800000000000004        0.0000000000000000     
   7.5199999999999996        0.0000000000000000     
   7.5599999999999996        0.0000000000000000     
   7.5999999999999996        0.0000000000000000     
   7.6399999999999997        0.0000000000000000     
   7.6799999999999997        0.0000000000000000     
   7.7199999999999998        0.0000000000000000     
   7.7599999999999998        0.0000000000000000     
   7.7999999999999998        0.0000000000000000     
   7.8399999999999999        0.0000000000000000     
   7.8799999999999999        0.0000000000000000     
   7.9199999999999999        0.0000000000000000     
   7.9600000000000000        0.0000000000000000     
   8.0000000000000000        0.0000000000000000     
