   492987805.78864628     
   10629808711.442936     
   244528707.47324476     
   4317120118.9131489     
   2368317268.9297967     
   499933318.91963679     
   7636455.5293872971     
   13510051.789829779     
   48259.937538729726     
   104854.03085882169     
   3149679600.1755319     
   5761489158.3402042     
   691943122740.94666     
   154442137.70379516     
   16266746.024301974     
   34487358990.671700     
   91098274.741546333     
   37548.437823736218     
   723.79948995250220     
  -254.01079086601956     
  -341.72391165559884     
  -396.30055589297677     
  -440.76647788300136     
  -478.52680900863390     
  -511.33896703819477     
  -540.29703958583355     
  -566.14829308115213     
  -589.43576674393444     
  -610.56727518015089     
  -629.86050240813063     
  -647.56898970900966     
  -663.89608351101390     
  -679.01018890112130     
  -693.05098453839628     
  -706.13662657732925     
  -718.36679401217953     
  -729.82791523538049     
  -740.59388192956567     
  -750.72900685340016     
  -760.29000406909211     
  -769.32613628971956     
  -777.88102990882714     
  -785.99390948177233     
  -793.69943832878619     
  -801.02867343997480     
  -808.00915282488177     
  -814.66613914524271     
  -821.02217038206663     
  -827.09792194904264     
  -832.91202939544621     
  -838.48176135740812     
  -843.82237269737038     
  -848.94799583088422     
  -853.87182821045849     
  -858.60587911002665     
  -863.16109202841858     
  -867.54778201923023     
  -871.77523454611753     
  -875.85223128523887     
  -879.78710083787155     
  -883.58712422280507     
  -887.25928132476258     
  -890.81007516593775     
  -894.24562843472552     
  -897.57171351813270     
  -900.79352644041444     
  -903.91608243412315     
  -906.94389870808629     
  -909.88131981598883     
  -912.73260180668353     
  -915.50160346919381     
  -918.19193985694642     
  -920.80690244159769     
  -923.34972991571260     
  -925.82341668959566     
  -928.23082080304664     
  -930.57473742493653     
  -932.85772161976365     
  -935.08222751779397     
  -937.25054065123174     
  -939.36487943187785     
  -941.42729147913292     
  -943.43973019387886     
  -945.40413799949010     
  -947.32223207401125     
  -949.19564672525985     
  -951.02597764136181     
  -952.81473098942126     
  -954.56344524529527     
  -956.27350542158251     
  -957.94621346729821     
  -959.58288920012160     
  -961.18472495417257     
  -962.75289209146706     
  -964.28847985145853     
  -965.79259356637408     
  -967.26618431229633     
  -968.71022252163505     
  -970.12576221204449     
  -971.51358643362994     
  -972.87458347964127     
  -974.20954637151794     
  -975.51927407346193     
  -976.80446580849559     
  -978.06583272811690     
  -979.30411658907838     
  -980.51998058192123     
  -981.71407045408330     
  -982.88701289061737     
  -984.03942828595655     
  -985.17190503494260     
  -986.28491615222242     
  -987.37902260612759     
  -988.45475018271554     
  -989.51260081918974     
  -990.55310973985752     
  -991.57664327709574     
  -992.58365645205231     
  -993.57457559130489     
  -994.54985936126093     
  -995.50991496698543     
  -996.45513786712127     
  -997.38591723748289     
  -998.30255432856552     
  -999.20547504659532     
  -1000.0949375498511     
  -1000.9713416139685     
  -1001.8349254483630     
  -1002.6860146327300     
  -1003.5249333216292     
  -1004.3519651712625     
  -1005.1673833427230     
  -1005.9714907982440     
  -1006.7645296030228     
  -1007.5467845693563     
  -1008.3184679940505     
  -1009.0798080239089     
  -1009.8310042042015     
  -1010.5722825638095     
  -1011.3038811490409     
  -1012.0260511716709     
  -1012.7390086182207     
  -1013.4428949773245     
  -1014.1378965695529     
  -1014.8242137195333     
  -1015.5020562532432     
  -1016.1716181876737     
  -1016.8330734725167     
  -1017.4865597955853     
  -1018.1322210995307     
  -1018.7702188674956     
  -1019.4007501205410     
