   198152705.79439318     
   122162186320.34633     
   44169888.112206779     
   2088164696.0688887     
   3009524.9664447149     
   2.0032010702404176E+017
   1160622238.5055177     
   1626897555.0748806     
   3120305.4710556916     
   241381754.80719197     
   119998.60935505152     
   10417446.546413988     
   142538.82941700442     
   6011.9348833627118     
   472.63804673632842     
  -284.99453666104955     
  -377.74223025583575     
  -429.86446290814462     
  -472.00891719454785     
  -507.54360482868725     
  -538.24191946133737     
  -565.20765823241732     
  -589.19177673923127     
  -610.73394215637154     
  -630.23683614601543     
  -648.01156721199777     
  -664.30295585632484     
  -679.30775091441853     
  -693.18668459026151     
  -706.07265241067228     
  -718.07720749057660     
  -729.29484719178561     
  -739.80617366209685     
  -749.67972913233734     
  -758.97568316676484     
  -767.74629675331823     
  -776.03728518793605     
  -783.88914824186600     
  -791.33758615897625     
  -798.41438548329495     
  -805.14786227222680     
  -811.56389320578353     
  -817.68524451331325     
  -823.53236132831341     
  -829.12432302831076     
  -834.47803985638791     
  -839.60890334692181     
  -844.53098985592669     
  -849.25738728121132     
  -853.79993229109664     
  -858.16970894361771     
  -862.37682036257127     
  -866.43044028256247     
  -870.33928493452322     
  -874.11108489320566     
  -877.75332637711017     
  -881.27280618546320     
  -884.67600796455736     
  -887.96861278120264     
  -891.15618687932010     
  -894.24385307457896     
  -897.23654376441789     
  -900.13863572346770     
  -902.95431773647658     
  -905.68756308378045     
  -908.34204577114679     
  -910.92132986705860     
  -913.42872227018984     
  -915.86723329856147     
  -918.23983753378332     
  -920.54938565498833     
  -922.79846606346177     
  -924.98951191138883     
  -927.12506270109009     
  -929.20709443726480     
  -931.23771772680072     
  -933.21883523101928     
  -935.15238737222478     
  -937.04015757460638     
  -938.88396539088797     
  -940.68520243747594     
  -942.44541338374586     
  -944.16611796498171     
  -945.84873022929446     
  -947.49458179614146     
  -949.10487016577861     
  -950.68084732444049     
  -952.22363643087647     
  -953.73429905575631     
  -955.21392471256559     
  -956.66358511530495     
  -958.08420315832507     
  -959.47667506941900     
  -960.84196391689079     
  -962.18085591512397     
  -963.49416251909599     
  -964.78265016894341     
  -966.04706605719412     
  -967.28812683048250     
  -968.50650881929346     
  -969.70287828774781     
  -970.87784340420706     
  -972.03202770983046     
  -973.16601950742552     
  -974.28040596181211     
  -975.37582474280077     
  -976.45272870734891     
  -977.51157825247469     
  -978.55291310514474     
  -979.57721878688949     
  -980.58491627127466     
  -981.57644711430510     
  -982.55221690327085     
  -983.51262759091640     
  -984.45807355685076     
  -985.38893715633765     
  -986.30563218895793     
  -987.20848386960836     
  -988.09781063158482     
  -988.97399765711043     
  -989.83732742656525     
  -990.68813925204870     
  -991.52678184818058     
  -992.35351649970107     
  -993.16861073414793     
  -993.97231484108158     
  -994.76490295949611     
  -995.54667113666267     
  -996.31782501361658     
  -997.07863859692418     
  -997.82933009495309     
  -998.57010745013372     
  -999.30118538789532     
  -1000.0228286059609     
  -1000.7352564708572     
  -1001.4386449737253     
  -1002.1331203680060     
  -1002.8188795318057     
  -1003.4961214687239     
  -1004.1650474397750     
  -1004.8258107788536     
  -1005.4785954448872     
  -1006.1235344638570     
  -1006.7607959304147     
  -1007.3905817906610     
  -1008.0129922398130     
  -1008.6282016977038     
  -1009.2363959416668     
  -1009.8376610947715     
  -1010.4321599068733     
  -1011.0199877942235     
  -1011.6012861562573     
  -1012.1761923540055     
  -1012.7448325632803     
  -1013.3073435686259     
  -1013.8638082532549     
  -1014.4143432597915     
  -1014.9590532123357     
  -1015.4980891375376     
  -1016.0315601051300     
  -1016.5595195868757     
  -1017.0820926856038     
  -1017.5993614867780     
  -1018.1114363589237     
  -1018.6183976077998     
  -1019.1203330276340     
  -1019.6173582519971     
  -1020.1095347591190     
  -1020.5969734446436     
  -1021.0797604222847     
  -1021.5579425744066     
  -1022.0316078879665     
  -1022.5008461935630     
  -1022.9657292691630     
  -1023.4263246290972     
  -1023.8827333495698     
  -1024.3350220803457     
  -1024.7832625239296     
  -1025.2274995593407     
  -1025.6678338770275     
  -1026.1043296374912     
  -1026.5370037765258     
  -1026.9659335603963     
  -1027.3911747373174     
  -1027.8128046017398     
  -1028.2308799462198     
  -1028.6454588088986     
  -1029.0565985629382     
  -1029.4643251493587     
  -1029.8687051064085     
  -1030.2698202190211     
  -1030.6677099738524     
  -1031.0624066498087     
  -1031.4539648725038     
  -1031.8424152678454     
  -1032.2278219193302     
  -1032.6102553832031     
  -1032.9897426841253     
  -1033.3663189032081     
  -1033.7400243927341     
