   282757862405061.25     
   131018464497.86667     
   1324439461.6274481     
   1646335638.5465369     
   38193424577.820503     
   10391113.552124424     
   193082120289.78479     
   942346332351.87048     
   27371723.914324243     
   18293.994414269899     
   2828354.8680586484     
   1147929.6944515526     
   582537.63326225476     
   28896.783633647716     
   13213.243583280862     
   1138.4141167069583     
   63795.493732392541     
   59018551292.751137     
   507596.08474406158     
   13100.891046312061     
   70.637119794936979     
  -466.62390614242514     
  -512.09245786777478     
  -546.08693591093800     
  -574.14201371281490     
  -598.34016682880883     
  -619.73353899960659     
  -638.94676785055174     
  -656.39392946696398     
  -672.36890446684572     
  -687.09047563416595     
  -700.72895715807522     
  -713.42030616041438     
  -725.27514298240010     
  -736.38494741109139     
  -746.82699106101518     
  -756.66709939582097     
  -765.96139005724331     
  -774.75863826525881     
  -783.10151024490256     
  -791.02749050154125     
  -798.56980194756079     
  -805.75793229334749     
  -812.61780648285617     
  -819.17304634917230     
  -825.44462466120751     
  -831.45186949915455     
  -837.21210026588108     
  -842.74109785305893     
  -848.05301161821103     
  -853.16099785338997     
  -858.07729537261446     
  -862.81298273878110     
  -867.37832459031688     
  -871.78266990901398     
  -876.03463085371050     
  -880.14231711469427     
  -884.11321745187570     
  -887.95453609984088     
  -891.67240787582011     
  -895.27290238895921     
  -898.76174988099137     
  -902.14445400827685     
  -905.42586261454733     
  -908.61055512271207     
  -911.70293225974717     
  -914.70708084171758     
  -917.62692798559738     
  -920.46597068360461     
  -923.22762241209318     
  -925.91521727209579     
  -928.53167009446543     
  -931.07985472458984     
  -933.56261615648236     
  -935.98248897675319     
  -938.34185365117060     
  -940.64304044465462     
  -942.88836710919963     
  -945.07990009956461     
  -947.21959427511490     
  -949.30935629609030     
  -951.35094884499006     
  -953.34606747237774     
  -955.29641257081505     
  -957.20356291096459     
  -959.06886736224885     
  -960.89375308001240     
  -962.67964547838210     
  -964.42786332474805     
  -966.13959220409515     
  -967.81610468137876     
  -969.45842956844092     
  -971.06765718994689     
  -972.64480184658225     
  -974.19087565541054     
  -975.70686523550933     
  -977.19364223813807     
  -978.65213891105168     
  -980.08314225973209     
  -981.48744613839347     
